             Eigenvalue:  -1.000000000000000         Boundary Violation:  -1.000000000000000    
             Eigenvalue:  -1.000000000000000         Boundary Violation:  -1.000000000000000    
